,newAdmissions,cumAdmissions,newCases,cumCases,newDeaths,cumDeaths
2020-02-28,0.0,0.0,0.0,1.0,0.0,1.0
2020-02-29,0.0,0.0,0.0,1.0,0.0,1.0
2020-03-01,0.0,0.0,0.0,1.0,0.0,1.0
2020-03-02,0.0,0.0,0.0,1.0,0.0,1.0
2020-03-03,0.0,0.0,0.0,1.0,0.0,1.0
2020-03-04,0.0,0.0,1.0,2.0,0.0,1.0
2020-03-05,0.0,0.0,0.0,2.0,0.0,1.0
2020-03-06,0.0,0.0,0.0,2.0,0.0,1.0
2020-03-07,0.0,0.0,2.0,4.0,0.0,1.0
2020-03-08,0.0,0.0,1.0,5.0,0.0,1.0
2020-03-09,0.0,0.0,3.0,8.0,0.0,1.0
2020-03-10,0.0,0.0,12.0,20.0,0.0,1.0
2020-03-11,0.0,0.0,15.0,35.0,0.0,1.0
2020-03-12,0.0,0.0,25.0,60.0,0.0,1.0
2020-03-13,0.0,0.0,28.0,88.0,0.0,1.0
2020-03-14,0.0,0.0,19.0,107.0,0.0,1.0
2020-03-15,0.0,0.0,32.0,139.0,0.0,1.0
2020-03-16,0.0,0.0,37.0,176.0,3.0,4.0
2020-03-17,0.0,0.0,37.0,213.0,0.0,4.0
2020-03-18,0.0,0.0,36.0,249.0,0.0,4.0
2020-03-19,0.0,0.0,60.0,309.0,3.0,7.0
2020-03-20,0.0,0.0,73.0,382.0,2.0,9.0
2020-03-21,0.0,0.0,75.0,457.0,7.0,16.0
2020-03-22,0.0,0.0,76.0,533.0,5.0,21.0
2020-03-23,32.0,32.0,133.0,666.0,4.0,25.0
2020-03-24,63.0,95.0,141.0,807.0,9.0,34.0
2020-03-25,178.0,273.0,190.0,997.0,10.0,44.0
2020-03-26,107.0,380.0,177.0,1174.0,11.0,55.0
2020-03-27,118.0,498.0,193.0,1367.0,10.0,65.0
2020-03-28,126.0,624.0,167.0,1534.0,15.0,80.0
2020-03-29,133.0,757.0,159.0,1693.0,18.0,98.0
2020-03-30,147.0,904.0,343.0,2036.0,16.0,114.0
2020-03-31,158.0,1062.0,277.0,2313.0,15.0,129.0
2020-04-01,207.0,1269.0,327.0,2640.0,21.0,150.0
2020-04-02,139.0,1408.0,336.0,2976.0,28.0,178.0
2020-04-03,110.0,1518.0,330.0,3306.0,29.0,207.0
2020-04-04,134.0,1652.0,282.0,3588.0,31.0,238.0
2020-04-05,134.0,1786.0,223.0,3811.0,30.0,268.0
2020-04-06,123.0,1909.0,383.0,4194.0,20.0,288.0
2020-04-07,196.0,2105.0,386.0,4580.0,32.0,320.0
2020-04-08,158.0,2263.0,386.0,4966.0,42.0,362.0
2020-04-09,126.0,2389.0,391.0,5357.0,43.0,405.0
2020-04-10,129.0,2518.0,308.0,5665.0,25.0,430.0
2020-04-11,106.0,2624.0,247.0,5912.0,31.0,461.0
2020-04-12,168.0,2792.0,247.0,6159.0,37.0,498.0
2020-04-13,130.0,2922.0,273.0,6432.0,43.0,541.0
2020-04-14,106.0,3028.0,317.0,6749.0,26.0,567.0
2020-04-15,151.0,3179.0,361.0,7110.0,38.0,605.0
2020-04-16,104.0,3283.0,363.0,7473.0,35.0,640.0
2020-04-17,151.0,3434.0,324.0,7797.0,29.0,669.0
2020-04-18,129.0,3563.0,247.0,8044.0,32.0,701.0
2020-04-19,102.0,3665.0,181.0,8225.0,26.0,727.0
2020-04-20,114.0,3779.0,281.0,8506.0,25.0,752.0
2020-04-21,117.0,3896.0,259.0,8765.0,30.0,782.0
2020-04-22,127.0,4023.0,253.0,9018.0,23.0,805.0
2020-04-23,134.0,4157.0,201.0,9219.0,18.0,823.0
2020-04-24,135.0,4292.0,213.0,9432.0,31.0,854.0
2020-04-25,112.0,4404.0,136.0,9568.0,29.0,883.0
2020-04-26,97.0,4501.0,121.0,9689.0,16.0,899.0
2020-04-27,95.0,4596.0,172.0,9861.0,16.0,915.0
2020-04-28,139.0,4735.0,153.0,10014.0,15.0,930.0
2020-04-29,127.0,4862.0,176.0,10190.0,26.0,956.0
2020-04-30,132.0,4994.0,200.0,10390.0,16.0,972.0
2020-05-01,107.0,5101.0,176.0,10566.0,29.0,1001.0
2020-05-02,142.0,5243.0,179.0,10745.0,14.0,1015.0
2020-05-03,94.0,5337.0,105.0,10850.0,14.0,1029.0
2020-05-04,121.0,5458.0,139.0,10989.0,23.0,1052.0
2020-05-05,136.0,5594.0,175.0,11164.0,17.0,1069.0
2020-05-06,103.0,5697.0,171.0,11335.0,23.0,1092.0
2020-05-07,119.0,5816.0,176.0,11511.0,19.0,1111.0
2020-05-08,127.0,5943.0,115.0,11626.0,13.0,1124.0
2020-05-09,106.0,6049.0,136.0,11762.0,7.0,1131.0
2020-05-10,114.0,6163.0,107.0,11869.0,10.0,1141.0
2020-05-11,108.0,6271.0,178.0,12047.0,15.0,1156.0
2020-05-12,92.0,6363.0,150.0,12197.0,11.0,1167.0
2020-05-13,119.0,6482.0,153.0,12350.0,16.0,1183.0
2020-05-14,105.0,6587.0,132.0,12482.0,12.0,1195.0
2020-05-15,88.0,6675.0,179.0,12661.0,16.0,1211.0
2020-05-16,117.0,6792.0,166.0,12827.0,13.0,1224.0
2020-05-17,98.0,6890.0,118.0,12945.0,11.0,1235.0
2020-05-18,77.0,6967.0,168.0,13113.0,10.0,1245.0
2020-05-19,105.0,7072.0,213.0,13326.0,11.0,1256.0
2020-05-20,95.0,7167.0,166.0,13492.0,7.0,1263.0
2020-05-21,105.0,7272.0,132.0,13624.0,9.0,1272.0
2020-05-22,81.0,7353.0,137.0,13761.0,10.0,1282.0
2020-05-23,121.0,7474.0,123.0,13884.0,7.0,1289.0
2020-05-24,78.0,7552.0,82.0,13966.0,12.0,1301.0
2020-05-25,82.0,7634.0,105.0,14071.0,10.0,1311.0
2020-05-26,96.0,7730.0,102.0,14173.0,10.0,1321.0
2020-05-27,106.0,7836.0,118.0,14291.0,6.0,1327.0
2020-05-28,120.0,7956.0,102.0,14393.0,16.0,1343.0
2020-05-29,99.0,8055.0,106.0,14499.0,11.0,1354.0
2020-05-30,93.0,8148.0,70.0,14569.0,10.0,1364.0
2020-05-31,68.0,8216.0,46.0,14615.0,7.0,1371.0
2020-06-01,73.0,8289.0,64.0,14679.0,9.0,1380.0
2020-06-02,106.0,8395.0,73.0,14752.0,5.0,1385.0
2020-06-03,131.0,8526.0,75.0,14827.0,7.0,1392.0
2020-06-04,97.0,8623.0,60.0,14887.0,12.0,1404.0
2020-06-05,82.0,8705.0,55.0,14942.0,4.0,1408.0
2020-06-06,92.0,8797.0,53.0,14995.0,9.0,1417.0
2020-06-07,76.0,8873.0,34.0,15029.0,8.0,1425.0
2020-06-08,59.0,8932.0,74.0,15103.0,7.0,1432.0
2020-06-09,84.0,9016.0,62.0,15165.0,4.0,1436.0
2020-06-10,97.0,9113.0,67.0,15232.0,7.0,1443.0
2020-06-11,104.0,9217.0,66.0,15298.0,5.0,1448.0
2020-06-12,90.0,9307.0,75.0,15373.0,4.0,1452.0
2020-06-13,114.0,9421.0,70.0,15443.0,6.0,1458.0
2020-06-14,52.0,9473.0,54.0,15497.0,7.0,1465.0
2020-06-15,68.0,9541.0,66.0,15563.0,6.0,1471.0
2020-06-16,95.0,9636.0,82.0,15645.0,8.0,1479.0
2020-06-17,91.0,9727.0,64.0,15709.0,1.0,1480.0
2020-06-18,87.0,9814.0,62.0,15771.0,0.0,1480.0
2020-06-19,78.0,9892.0,140.0,15911.0,4.0,1484.0
2020-06-20,68.0,9960.0,47.0,15958.0,3.0,1487.0
2020-06-21,68.0,10028.0,76.0,16034.0,5.0,1492.0
2020-06-22,67.0,10095.0,66.0,16100.0,2.0,1494.0
2020-06-23,79.0,10174.0,131.0,16231.0,1.0,1495.0
2020-06-24,101.0,10275.0,37.0,16268.0,6.0,1501.0
2020-06-25,64.0,10339.0,60.0,16328.0,9.0,1510.0
2020-06-26,88.0,10427.0,19.0,16347.0,2.0,1512.0
2020-06-27,74.0,10501.0,140.0,16487.0,6.0,1518.0
2020-06-28,47.0,10548.0,28.0,16515.0,2.0,1520.0
2020-06-29,46.0,10594.0,43.0,16558.0,3.0,1523.0
2020-06-30,104.0,10698.0,35.0,16593.0,4.0,1527.0
2020-07-01,66.0,10764.0,27.0,16620.0,4.0,1531.0
2020-07-02,64.0,10828.0,28.0,16648.0,3.0,1534.0
2020-07-03,65.0,10893.0,19.0,16667.0,0.0,1534.0
2020-07-04,78.0,10971.0,9.0,16676.0,2.0,1536.0
2020-07-05,63.0,11034.0,12.0,16688.0,2.0,1538.0
2020-07-06,50.0,11084.0,35.0,16723.0,2.0,1540.0
2020-07-07,64.0,11148.0,28.0,16751.0,1.0,1541.0
2020-07-08,63.0,11211.0,14.0,16765.0,1.0,1542.0
2020-07-09,75.0,11286.0,22.0,16787.0,1.0,1543.0
2020-07-10,68.0,11354.0,29.0,16816.0,0.0,1543.0
2020-07-11,76.0,11430.0,12.0,16828.0,1.0,1544.0
2020-07-12,41.0,11471.0,10.0,16838.0,0.0,1544.0
2020-07-13,50.0,11521.0,24.0,16862.0,2.0,1546.0
2020-07-14,63.0,11584.0,23.0,16885.0,1.0,1547.0
2020-07-15,48.0,11632.0,18.0,16903.0,0.0,1547.0
2020-07-16,48.0,11680.0,25.0,16928.0,1.0,1548.0
2020-07-17,59.0,11739.0,17.0,16945.0,0.0,1548.0
2020-07-18,54.0,11793.0,11.0,16956.0,0.0,1548.0
2020-07-19,51.0,11844.0,10.0,16966.0,0.0,1548.0
2020-07-20,43.0,11887.0,43.0,17009.0,0.0,1548.0
2020-07-21,46.0,11933.0,61.0,17070.0,1.0,1549.0
2020-07-22,72.0,12005.0,25.0,17095.0,1.0,1550.0
2020-07-23,88.0,12093.0,31.0,17126.0,0.0,1550.0
2020-07-24,61.0,12154.0,30.0,17156.0,1.0,1551.0
2020-07-25,48.0,12202.0,24.0,17180.0,2.0,1553.0
2020-07-26,45.0,12247.0,35.0,17215.0,2.0,1555.0
2020-07-27,43.0,12290.0,23.0,17238.0,1.0,1556.0
2020-07-28,49.0,12339.0,27.0,17265.0,2.0,1558.0
2020-07-29,64.0,12403.0,27.0,17292.0,4.0,1562.0
2020-07-30,53.0,12456.0,30.0,17322.0,2.0,1564.0
2020-07-31,54.0,12510.0,16.0,17338.0,4.0,1568.0
2020-08-01,73.0,12583.0,16.0,17354.0,2.0,1570.0
2020-08-02,35.0,12618.0,14.0,17368.0,2.0,1572.0
2020-08-03,29.0,12647.0,22.0,17390.0,1.0,1573.0
2020-08-04,65.0,12712.0,24.0,17414.0,4.0,1577.0
2020-08-05,74.0,12786.0,22.0,17436.0,3.0,1580.0
2020-08-06,45.0,12831.0,22.0,17458.0,0.0,1580.0
2020-08-07,53.0,12884.0,15.0,17473.0,5.0,1585.0
2020-08-08,55.0,12939.0,5.0,17478.0,2.0,1587.0
2020-08-09,51.0,12990.0,8.0,17486.0,0.0,1587.0
2020-08-10,31.0,13021.0,19.0,17505.0,2.0,1589.0
2020-08-11,47.0,13068.0,27.0,17532.0,0.0,1589.0
2020-08-12,45.0,13113.0,24.0,17556.0,1.0,1590.0
2020-08-13,63.0,13176.0,17.0,17573.0,1.0,1591.0
2020-08-14,39.0,13215.0,17.0,17590.0,1.0,1592.0
2020-08-15,52.0,13267.0,10.0,17600.0,0.0,1592.0
2020-08-16,37.0,13304.0,18.0,17618.0,0.0,1592.0
2020-08-17,38.0,13342.0,19.0,17637.0,0.0,1592.0
2020-08-18,63.0,13405.0,38.0,17675.0,2.0,1594.0
2020-08-19,45.0,13450.0,35.0,17710.0,0.0,1594.0
2020-08-20,39.0,13489.0,31.0,17741.0,0.0,1594.0
2020-08-21,54.0,13543.0,22.0,17763.0,0.0,1594.0
2020-08-22,39.0,13582.0,19.0,17782.0,1.0,1595.0
2020-08-23,26.0,13608.0,11.0,17793.0,0.0,1595.0
2020-08-24,36.0,13644.0,36.0,17829.0,1.0,1596.0
2020-08-25,49.0,13693.0,50.0,17879.0,0.0,1596.0
2020-08-26,69.0,13762.0,44.0,17923.0,0.0,1596.0
2020-08-27,70.0,13832.0,50.0,17973.0,0.0,1596.0
2020-08-28,83.0,13915.0,52.0,18025.0,0.0,1596.0
2020-08-29,52.0,13967.0,44.0,18069.0,0.0,1596.0
2020-08-30,33.0,14000.0,46.0,18115.0,0.0,1596.0
2020-08-31,29.0,14029.0,44.0,18159.0,2.0,1598.0
2020-09-01,69.0,14098.0,57.0,18216.0,0.0,1598.0
2020-09-02,59.0,14157.0,95.0,18311.0,0.0,1598.0
2020-09-03,70.0,14227.0,125.0,18436.0,1.0,1599.0
2020-09-04,69.0,14296.0,149.0,18585.0,0.0,1599.0
2020-09-05,27.0,14323.0,128.0,18713.0,0.0,1599.0
2020-09-06,42.0,14365.0,131.0,18844.0,0.0,1599.0
2020-09-07,46.0,14411.0,159.0,19003.0,0.0,1599.0
2020-09-08,65.0,14476.0,143.0,19146.0,0.0,1599.0
2020-09-09,56.0,14532.0,158.0,19304.0,0.0,1599.0
2020-09-10,49.0,14581.0,186.0,19490.0,0.0,1599.0
2020-09-11,70.0,14651.0,145.0,19635.0,1.0,1600.0
2020-09-12,55.0,14706.0,140.0,19775.0,0.0,1600.0
2020-09-13,55.0,14761.0,165.0,19940.0,1.0,1601.0
2020-09-14,59.0,14820.0,191.0,20131.0,0.0,1601.0
2020-09-15,53.0,14873.0,164.0,20295.0,1.0,1602.0
2020-09-16,65.0,14938.0,207.0,20502.0,2.0,1604.0
2020-09-17,42.0,14980.0,261.0,20763.0,2.0,1606.0
2020-09-18,41.0,15021.0,246.0,21009.0,0.0,1606.0
2020-09-19,34.0,15055.0,280.0,21289.0,0.0,1606.0
2020-09-20,28.0,15083.0,252.0,21541.0,1.0,1607.0
2020-09-21,59.0,15142.0,309.0,21850.0,1.0,1608.0
2020-09-22,43.0,15185.0,379.0,22229.0,3.0,1611.0
2020-09-23,70.0,15255.0,378.0,22607.0,3.0,1614.0
2020-09-24,94.0,15349.0,316.0,22923.0,0.0,1614.0
2020-09-25,67.0,15416.0,385.0,23308.0,1.0,1615.0
2020-09-26,61.0,15477.0,403.0,23711.0,2.0,1617.0
2020-09-27,56.0,15533.0,317.0,24028.0,3.0,1620.0
2020-09-28,71.0,15604.0,426.0,24454.0,3.0,1623.0
2020-09-29,90.0,15694.0,466.0,24920.0,4.0,1627.0
2020-09-30,61.0,15755.0,596.0,25516.0,4.0,1631.0
2020-10-01,79.0,15834.0,623.0,26139.0,5.0,1636.0
2020-10-02,94.0,15928.0,599.0,26738.0,2.0,1638.0
2020-10-03,79.0,16007.0,518.0,27256.0,8.0,1646.0
2020-10-04,92.0,16099.0,614.0,27870.0,3.0,1649.0
2020-10-05,59.0,16158.0,703.0,28573.0,10.0,1659.0
2020-10-06,80.0,16238.0,770.0,29343.0,4.0,1663.0
2020-10-07,85.0,16323.0,848.0,30191.0,11.0,1674.0
2020-10-08,76.0,16399.0,828.0,31019.0,6.0,1680.0
2020-10-09,60.0,16459.0,782.0,31801.0,6.0,1686.0
2020-10-10,103.0,16562.0,619.0,32420.0,3.0,1689.0
2020-10-11,79.0,16641.0,625.0,33045.0,4.0,1693.0
2020-10-12,86.0,16727.0,782.0,33827.0,4.0,1697.0
2020-10-13,98.0,16825.0,952.0,34779.0,8.0,1705.0
2020-10-14,123.0,16948.0,904.0,35683.0,6.0,1711.0
2020-10-15,102.0,17050.0,791.0,36474.0,7.0,1718.0
2020-10-16,105.0,17155.0,952.0,37426.0,6.0,1724.0
2020-10-17,112.0,17267.0,708.0,38134.0,4.0,1728.0
2020-10-18,88.0,17355.0,715.0,38849.0,11.0,1739.0
2020-10-19,60.0,17415.0,1110.0,39959.0,12.0,1751.0
2020-10-20,77.0,17492.0,1237.0,41196.0,4.0,1755.0
2020-10-21,92.0,17584.0,1263.0,42459.0,13.0,1768.0
2020-10-22,107.0,17691.0,1056.0,43515.0,25.0,1793.0
2020-10-23,123.0,17814.0,1197.0,44712.0,10.0,1803.0
2020-10-24,98.0,17912.0,1024.0,45736.0,14.0,1817.0
2020-10-25,78.0,17990.0,939.0,46675.0,16.0,1833.0
2020-10-26,76.0,18066.0,1556.0,48231.0,14.0,1847.0
2020-10-27,114.0,18180.0,1477.0,49708.0,23.0,1870.0
2020-10-28,83.0,18263.0,1351.0,51059.0,10.0,1880.0
2020-10-29,86.0,18349.0,1578.0,52637.0,16.0,1896.0
2020-10-30,97.0,18446.0,1219.0,53856.0,9.0,1905.0
2020-10-31,80.0,18526.0,830.0,54686.0,9.0,1914.0
